750
1
28
871 872
94 95
285 288
889
120
638
937 940
27 30
343 344
153 156
91 93
401 402
313
472
85 88
90
657 660
350 355
588
993 995
49 51
816 817
277
254
181
546
149
532
630 632
200 204
262 264
339 341
38
183 185
805 806
77
6 8
664 666
620 622
48
947 952
559
302
367
662 665
134 137
382 383
270 273
723
499
173 175
198 199
238 242
113
494 495
583 585
899
458 461
40 44
168 169
136
469 474
52 53
668 670
910 912
231 234
59 64
433
41
605
964
857 858
224 227
484 487
808 810
114 115
470 475
80 82
771
560
216
476 478
92
260
617 619
436
196
409 410
359 363
131 133
564 566
825 828
500
286
103
294
517 518
751 753
413 415
450
243 246
311
984 988
729
746
283
732
504
329
241
391
438 443
281
335 336
659 661
83
860
15 18
261
924
446
406
451
745
480
109
820
677
144 146
252 253
435
268
516
265
799
453
129 130
99 101
550
217
553 558
846 853
155 157
752 758
349
525 528
847 856
259 263
36 37
497
230
606
13
485
596
567
23
958 960
161 162
977 979
735 737
407 408
297 304
385 388
71 72
861 866
191 195
179
364
956 957
403 405
314
34
20 26
581 582
457
96 97
973 974
411
148
245
210
508
539
832 833
163 165
10 12
381
848
397
623
502
468
158 160
351
357
421
116 117
812
629
543 544
512 513
452 454
609 612
507
430
387
138 143
225
836
706
888
702
648
509
557
644
309
536
147 150
481 482
936
635 636
361
778
332
416
414 417
180 182
837 840
969
105 108
531
479
50
365 366
358
951
570
279
704
174
785
901 903
572 573
154
483
818 824
645
569
434 437
5
652
530
123 124
734
526
939
562 563
756
423
244 248
614
7
963
779
455 459
714 715
688
907
347
893
626
429
788 789
982 985
549
654
784
271 280
377
774 781
802
575
970
584
501 503
894 897
289 290
997
864
54 55
615 618
728
815
467
228
466 471
641
992
337 338
102 104
684 685
272
987
61 65
941 943
655
649
389
440
719
962
393
859
324 327
765 769
610
118 119
707
462
607 608
46 47
675 676
703 705
306 310
961 965
887
724
201
577 578
604
713
742
533
275
850
681 683
214 215
759 760
352
761
998
372 375
171 172
223 226
777
209
510 511
11
921
809
637 643
880
922
879 881
545 547
870
31 32
151 152
844
823
460
874
424 427
0 2
145
768
726 731
368 371
718
126 128
852
878
829
804
720 721
811
78
442
775
22
9
60
197
66 67
256 257
786
873 876
896
19
298
754
926
568 571
942
166
296
68 69
736
730
733
373 376
323
923
932 934
490 492
845
712
908
950
839
178
710 711
251
384 386
266 269
863
537 542
855
255
247
917
976
220
791
616
971
865
669
843
716 717
249 250
931
73
800 801
780
287
390 392
803
886
838 841
740 744
830
594
919 927
100
826
795 796
328
867
767
978
722
807
574
913
345 353
125
76 79
127
422 426
972
929 930
441
741
611
348
439
813 814
682
274
944
45
793 794
203
21
159
370
404
307 318
624 625
212
851
697 699
398 399
680
25
602
505
63
905
211
925
694
935
428 432
378
70
456
900
749 750
548 552
496 498
831
464 465
325
690
797 798
236 237
412
188 190
534 535
205
766
84 86
975
700 709
315
218 221
849
627
959
488
301
834 835
177
292
747
678
693
679
819
369
949 953
444 445
755
184
650
762 763
555
57 58
579 580
463
727
613
89
300
595 598
986
792
425
3
291 295
592
43
633 634
658
206 207
565
561
647
521 522
748
400
62
576
229
317
875
321 322
597
330 331
394 395
884 885
527 529
189
139
651 653
911 915
589 590
821
891 892
770 773
193
994
916 918
515
233
640
599 600
202
980 981
374
418 419
258
167
4
396
235
519
523 524
601 603
447 449
514
222
869
16
106
586 587
695 696
671
776
303
506
334
356
933
142
362
360
473
639
74
112
132
276
299
240
966
673 674
140
98
967 968
187
24
628 631
493
551
111
239
75
945 946
554
906
686 689
672
477
33
431
14
725
81
698 701
141
122
862 868
541
782 783
176
877
743
486
320
882 883
194
267
692
772
954
121
540
346
948
822
420
895
591
556
989
39
29
333
491
107
448
914
305
56
593
232
757
326
667
904 909
663
739
920 928
787
691
170
708
213
656
621
284
42
827
764
955
219
278
938
293
489
110
17
990 991
312
983
520
898 902
890
35
646
790
842
186
738
996 999
380
687
379
854
87
164
340
316
342
208
135
319
308
538
642
192
282
354
